6.049379437008804983e-01 3.793097067586037156e+03 1.135140428631162308e+02
1.309012646694513338e+00 8.926308733270139783e+03 7.147229687377445089e+02
6.522972377852275239e-01 4.001393912255859050e+03 5.695290804927208228e+01
2.851802007538300820e+00 1.853319461520174082e+04 3.476103023904970087e+03
1.696622597364842111e+00 1.393616336935333493e+04 1.211739191292114128e+03
3.284438624064426993e+00 2.580698303635830962e+04 4.373070503543533960e+03
1.138815910205342563e+00 7.839728814325208987e+03 3.146847113869810073e+02
1.305770590786442975e+00 8.830839422958490104e+03 7.737222258684981853e+02
1.676821359670520817e+00 1.378417047243530942e+04 5.671609152072214783e+02
1.638703527947833249e+00 1.296596862288731245e+04 8.153335368097365290e+02
1.040815330520864945e+00 6.781536166153811791e+03 2.777051862910506657e+02
5.248569708475394613e-01 3.155515009642439509e+03 7.798130282846517503e+01
2.370057443743800452e+00 2.094370927383491289e+04 1.323328499826875486e+03
1.832571658971096085e+00 1.384437975949312749e+04 6.465566980043589638e+02
2.001629533801160044e+00 1.540083580624355818e+04 8.234193212933123505e+02
1.861939108597723935e+00 1.412200421087871109e+04 7.559247782784035508e+02
4.147563341821031146e-01 2.366544678337158985e+03 5.567449611219500838e+01
1.558020064406799854e+00 1.239781162479846716e+04 3.801919260894317176e+02
1.621739828622194013e+00 1.260398152613303682e+04 7.536871021478566490e+02
5.073888976391669470e-01 2.970255282239494136e+03 4.241654848663442579e+01
4.147272105235431661e-01 2.182829880827559464e+03 5.547485539702571344e+01
1.519090590293162624e+00 1.102209200989171586e+04 5.094545755561064198e+02
2.348285705709481253e+00 1.628585837824755436e+04 2.631645223560416525e+03
3.304135829520922663e+00 2.752853365380608739e+04 6.059194686625991380e+03
1.561901935258896534e+00 1.007871973900567536e+04 1.025905688198331291e+03
2.745340816916705062e+00 2.354436104238468761e+04 3.348866429002029690e+03
4.077401500827876335e-01 2.286214623315751396e+03 3.121434561673520491e+01
1.226724313650706000e+00 8.123600775202211480e+03 4.221667706316927138e+02
2.361329480822135007e+00 2.140022462267217998e+04 1.493505283356746986e+03
1.257660049693055448e+00 7.830631943364929612e+03 6.292678248357157145e+02
9.586387476137032682e-01 6.307324888157862006e+03 2.010205002051713166e+02
2.958007326997410313e+00 2.860680802852541819e+04 4.627041987732254711e+03
3.379607838080786575e+00 3.341062023000102636e+04 3.969749553800616468e+03
1.484232716006353314e+00 1.105566053839131200e+04 5.716299184805515097e+02
1.297043081908608064e+00 8.748493633589157980e+03 4.599196052997695574e+02
3.315168444681082072e+00 2.837936476145551205e+04 3.874882297915033632e+03
1.355414794666227385e+00 9.295763852685180609e+03 4.787396141443126112e+02
5.793538384191498913e-01 3.494368215883984249e+03 5.269864153522288319e+01
1.263238581540364835e+00 9.656932556793282856e+03 2.714072294824409255e+02
8.205908951942403329e-01 5.035799505936344758e+03 2.395000298168143900e+02
2.367244099514181688e+00 1.987768450493328783e+04 1.455062751799791158e+03
2.969721845715257658e+00 2.982114173265176942e+04 3.051270857084598447e+03
2.773444015025290810e+00 2.381031136794819759e+04 1.794227466255094214e+03
1.082213350428595566e+00 7.607731536287492418e+03 2.021449765608292068e+02
2.406793985254958024e+00 2.297458389013486885e+04 2.540063556898648130e+03
3.244883500414542876e+00 2.735571286722208606e+04 5.039904036542774520e+03
1.003247510569829970e+00 7.017748836765362284e+03 4.238979799808029725e+02
2.564178623478382768e+00 2.228150492591663351e+04 1.638287690542993232e+03
3.942451227169551653e-01 2.213843718960659317e+03 4.140041151997056090e+01
2.037467813304600917e+00 1.674138089387118089e+04 1.805131865048701229e+03
1.119347311404433221e+00 6.650284393043039927e+03 5.714673478047401431e+02
3.066033487685580816e+00 2.600671720752958208e+04 2.360267223906955223e+03
2.851714507388608322e+00 2.512804300150230483e+04 4.154640205319195047e+03
1.521027202815076862e+00 1.108560236014761176e+04 6.325484922015197071e+02
1.907006220901684701e+00 1.500399426397098796e+04 6.930495679309111665e+02
1.308026021361337055e+00 9.324752363781419263e+03 7.247879224156013152e+02
1.220873085004352099e+00 8.607095352615551747e+03 3.273324297323490555e+02
1.859376353881961208e+00 1.503657268682623544e+04 1.569072825303523132e+03
1.784246474346852240e+00 1.367971126496720717e+04 1.299722189047872689e+03
1.087873473139119307e+00 7.594014433603774705e+03 2.449125805156630520e+02
2.296843976881848270e+00 2.070901850124161865e+04 9.131647734740287206e+02
1.660972829595816824e+00 1.363814340417536732e+04 9.605876298185073665e+02
1.099675647991577465e+00 7.262271625293676152e+03 3.208899597672455002e+02
1.550938464355717139e+00 1.147604922423276003e+04 4.155650300527468630e+02
1.656272836999950204e+00 1.260252242796154678e+04 5.647216953648468234e+02
2.136806276584340303e+00 1.797385717069098246e+04 1.334819410367018236e+03
8.626592584139176623e-01 5.686141020770334762e+03 1.906112744381465802e+02
9.724218146316818689e-01 6.732991495259306248e+03 1.424159530508985370e+02
1.627663504077778489e+00 1.173914180892642435e+04 1.356921700554572908e+03
1.951446531127261297e+00 1.479752636159373833e+04 7.299138821740625644e+02
1.200419052000953668e+00 9.111621905444326330e+03 5.840458669709166770e+02
1.877615363682353600e+00 1.533394471942798555e+04 6.319539759097610840e+02
1.098912445773968960e+00 7.447165222087216534e+03 4.642044623930411262e+02
1.362987171247624252e+00 9.818414149206331786e+03 4.863486423724096426e+02
1.633881017196878727e+00 1.198178042278962130e+04 6.057778793995862543e+02
2.157653536761412472e+00 1.892575144645744876e+04 1.151578582230766187e+03
7.762274958043235973e-01 4.951296935136549109e+03 2.107429902579016812e+02
1.134401270007735940e+00 7.760526460437305104e+03 4.182778973038909385e+02
2.193087155650039310e+00 1.882730658568595754e+04 2.414088914847646265e+03
1.187891971870210783e+00 8.176830385062566165e+03 5.385976023916778104e+02
2.722537445637915887e+00 2.073431672712595173e+04 2.186520479236355641e+03
1.140366824519833955e+00 8.284922059966349480e+03 3.030100245296276853e+02
1.645812139985959766e+00 1.234484433594980510e+04 6.656784603079360068e+02
1.239224361062840396e+00 8.038434699095269934e+03 4.774751153163177833e+02
3.529639087444807366e+00 3.059181016579252901e+04 5.662443884900940247e+03
1.142618795591963776e+00 7.687230575380100163e+03 4.332723542159408794e+02
1.180681950750059883e+00 8.135273846517387938e+03 4.241024378335263236e+02
9.105102542422651712e-01 6.036569139889645157e+03 1.336415511802442495e+02
2.686732244986659524e+00 2.149671480975241138e+04 3.622005234014241523e+03
3.150391228752627892e+00 2.831569073665651376e+04 2.537387794034895705e+03
2.111951980118691008e+00 1.745752499501969942e+04 2.024668717679072415e+03
2.416957805390242964e+00 1.931525367428332538e+04 2.107790779876245779e+03
2.020821847479164379e+00 1.370745532697146700e+04 1.481167312870570640e+03
2.011622733255934214e+00 1.676465554452165088e+04 1.817597776217556429e+03
2.642018111465503249e+00 2.259157334315827029e+04 2.516409582797639359e+03
7.949958682552864531e-01 5.132883066487615906e+03 1.162515937585310155e+02
2.976459927750962020e+00 2.542202303756117908e+04 2.167740975307346162e+03
2.936902199419400450e+00 2.572462179882309283e+04 2.399462129282606838e+03
8.135305088111288718e-01 4.914276303266008654e+03 2.440342281112790204e+02
9.042290936666390611e-01 5.951741323198105420e+03 1.188592958103948263e+02
1.723167557946815087e+00 1.331434165991271948e+04 5.277908638419555700e+02
9.783658999271909185e-01 6.779548546136038567e+03 3.424373117551474479e+02
2.422529513817821112e+00 1.928680690858795424e+04 1.270203700857962986e+03
2.205900709465545617e+00 1.776081346875358940e+04 1.429552433685767937e+03
6.373570381141627772e-01 3.981559068893627682e+03 5.952280530527387015e+01
2.821670122104714018e+00 2.556751070096318290e+04 1.499361706293073667e+03
1.822963524290647008e+00 1.262674759818333041e+04 1.694187234282461077e+03
2.232589654130754386e+00 1.763631203479399846e+04 1.161708240013332897e+03
2.938949979590637085e+00 2.115759740528636758e+04 4.049375577691107537e+03
3.218102299525682497e+00 2.950297696713762707e+04 1.912680398919551635e+03
2.428570283057667201e+00 1.980275454391963649e+04 2.747354082550251405e+03
1.027171544137172265e+00 6.784965497781338854e+03 4.299080260319265108e+02
4.445765752754613054e+00 3.633505926053219446e+04 3.587035102387043480e+03
1.245515942516012053e+00 9.226012721986191536e+03 7.081167396725571734e+02
1.293017537367311842e+00 9.309090743537297385e+03 6.196950011221090335e+02
2.348689581014663297e+00 1.778612188938482359e+04 1.169370709426637177e+03
2.078559477004292333e+00 1.850756429632096842e+04 8.719384028956170596e+02
1.011882506259919934e+00 6.416316118054484832e+03 4.291690490823467599e+02
1.090542866623998686e+00 7.181746723572707197e+03 3.177404700956178658e+02
3.367057809887152864e-01 1.847516683475417722e+03 3.380060811012190669e+01
2.364353922737403746e+00 2.016159362588784279e+04 1.207626896274523006e+03
1.741631286876718976e+00 1.092630280681514523e+04 1.510710702828372860e+03
1.399862562690469048e+00 1.013712709755464311e+04 4.105617997928339378e+02
9.523830682739853337e-01 6.383234306416166874e+03 2.357271866953264805e+02
7.413623133055436965e-01 4.735732295184232498e+03 1.250154980984160176e+02
3.248839235053797569e+00 2.609384786211593382e+04 2.914461131667277641e+03
1.758602082616070650e+00 1.597984975205552109e+04 1.094344119006608480e+03
7.088217749117933231e-01 4.670018118267891623e+03 1.093528689858629406e+02
8.672630033852726239e-01 5.678156974304920368e+03 1.205510741571371511e+02
2.358083923886238775e+00 1.452571511975317117e+04 2.348792562402622025e+03
1.786053846842770021e+00 1.633395279334762381e+04 1.433114159324819411e+03
1.511347666259662104e+00 1.186363158188092711e+04 5.411751023988138058e+02
4.299919366593755399e+00 3.006011210325486900e+04 8.944519704252501469e+03
1.085785167696919462e+00 7.544770237932665623e+03 2.346527153179285961e+02
2.264148567651181665e+00 1.848583933658250317e+04 1.097213655541574099e+03
2.416788248696049468e+00 1.797264033923557145e+04 2.840754508316681950e+03
1.084624574896903448e+00 7.767676838688570570e+03 2.266652842424743426e+02
1.986430044092833080e+00 1.352441273014596663e+04 9.310844212054753370e+02
1.913897181528608771e+00 1.492169385202178273e+04 1.065280112449539047e+03
7.601732878055352804e-01 4.874943110758154944e+03 9.814927029302202754e+01
8.790288371227920061e-01 5.422221636933883929e+03 2.281788980022387250e+02
1.968155407362429221e+00 1.637625825643503049e+04 1.028056014086307869e+03
2.615920186521714541e+00 2.261996823946396034e+04 1.641921702088345910e+03
1.163250988881632919e+00 7.933450211732437310e+03 2.332351328831089461e+02
2.016546648955394261e+00 1.611897972264779855e+04 7.097168523072145945e+02
2.278059934235978190e+00 2.546995645580573910e+04 2.318271550580962412e+03
1.219258470176284304e+00 8.976167935506609865e+03 2.539515109713336187e+02
4.466319090471213005e-01 2.536298349937961575e+03 4.909742578938553947e+01
1.078593233328040357e+00 6.881780016805842024e+03 4.647620581381383431e+02
1.052943994474772715e+00 7.422368711433202407e+03 3.283243638343330417e+02
3.350320909387720203e+00 2.966101631797149821e+04 1.895550643499156195e+03
1.708476893448831468e+00 1.258477590429280099e+04 6.252845285817300010e+02
1.313634581160076698e+00 8.641041107176870355e+03 7.606922132393987113e+02
1.440283070788333175e+00 1.116474957630777317e+04 5.709656267933424942e+02
2.635231160184562160e+00 2.035413529331304744e+04 3.605860582463003084e+03
1.198419603608762873e+00 8.013313136919189674e+03 6.697413664357965217e+02
1.261297012238374426e+00 8.740602893179981038e+03 5.037471431474392602e+02
1.293121669612112168e+00 9.636454849689227558e+03 3.747783092715824296e+02
2.924034020308701187e+00 2.270227298377141415e+04 4.348349950337862538e+03
3.174584088933154469e+00 3.048065047727369165e+04 2.971962218504812881e+03
7.582729500094005370e-01 4.868942015973524576e+03 1.409192889104903088e+02
1.285576748654344792e+00 9.212639994318789832e+03 4.571147976260438668e+02
1.621279668864494816e+00 1.197838722854415573e+04 4.915860815273999265e+02
6.483930734762703985e-01 4.044991626849484419e+03 6.341096494144375839e+01
7.229434426915121170e-01 4.532500307118740238e+03 8.455389145413087704e+01
1.164631221931586191e+00 8.727162108758435352e+03 3.948844076581384570e+02
2.470229370120840429e+00 2.459094567210159585e+04 1.822031674012341000e+03
1.755252607808203358e+00 1.407100823796147597e+04 7.315631345850880507e+02
1.631065723552066249e+00 1.283229024002977530e+04 5.541841253514991195e+02
1.139198839271490460e+00 7.804066903515801641e+03 4.902830571275474654e+02
3.340923606223347164e+00 2.545493157166346646e+04 3.564273189115019704e+03
4.420594253996288359e+00 3.680593878311269509e+04 3.557651804010070009e+03
1.500382628663746276e+00 1.013844112825462071e+04 6.332523879326649876e+02
1.102833438701646518e+00 7.592787438155657583e+03 2.597584375619499610e+02
2.571395276695742194e+00 2.023001761871045164e+04 1.338874682387520579e+03
1.089490040698762208e+00 7.327672570429346706e+03 4.113698390152654270e+02
1.271763200421212048e+00 8.437749216523658106e+03 3.611933317552549738e+02
2.136895888532329923e+00 1.881131982986857838e+04 1.812289079535369638e+03
1.625831079458959660e+00 1.123156056076323148e+04 8.945197504926596821e+02
1.091878018301879250e+00 7.307277272881916360e+03 5.116893330062102336e+02
1.346166499330287758e+00 9.527603297585454129e+03 3.640294511109049722e+02
1.880364972752985642e+00 1.519021650253302869e+04 1.547791974881130500e+03
3.682551404826102104e+00 3.275993353914256659e+04 2.724191291669283146e+03
2.862470200408019139e+00 2.625632880890047090e+04 1.963709791732008625e+03
1.528198704397369712e+00 1.089317601574783112e+04 5.065743336713949816e+02
1.276888717991545130e+00 8.560129770485191329e+03 5.728201749896214778e+02
2.826737392621625933e+00 2.414369724438914272e+04 2.763797362640883875e+03
8.367964363876926326e-01 5.339788119282025036e+03 2.513336045011645581e+02
2.693275341625649411e+00 2.231401353142510925e+04 1.775556476740640846e+03
4.609064275926613163e-01 2.655106027395576348e+03 4.444460357874103096e+01
8.391162788116890425e-01 5.594710077088803700e+03 1.129342180480567777e+02
2.918592359938805725e+00 2.237870792975343647e+04 1.726275546867766707e+03
9.044592208321232674e-01 6.316750204067675440e+03 1.458522916215377734e+02
2.024718755395362280e+00 1.653481275568114143e+04 1.813667114471438708e+03
3.084273883330436838e+00 2.602159259793278397e+04 1.823458933005577592e+03
7.932006454974731557e-01 5.092528389159614562e+03 1.685492975483639668e+02
1.868252829237641910e+00 1.410104868725844972e+04 9.060108399145185558e+02
1.869976080577307576e+00 1.339464089877384868e+04 1.308528334903243376e+03
2.044944578974846827e+00 1.639469526540986408e+04 8.204471824308518535e+02
7.760477558373214402e-01 4.808547404057222593e+03 1.428333201342999246e+02
1.036939866467661897e+00 6.803938996769105870e+03 4.368740262664312581e+02
2.072600068262943296e+00 1.654704735766833255e+04 1.021893881978953232e+03
1.956299095031002411e+00 1.599923896306510505e+04 1.271034161984812727e+03
1.970196644795729979e+00 1.760868754954570250e+04 1.387200542743150436e+03
8.707028218437717904e-01 5.695970670518086081e+03 2.490095714998548999e+02
1.650152224482909213e+00 1.491732214136009861e+04 9.698533544629891594e+02
1.118694900667787540e+00 7.531880299012721480e+03 2.410550685276838010e+02
2.887843074149072375e+00 2.681104705778005518e+04 2.202558440046824217e+03
1.084472855438789685e+00 8.163747823395065097e+03 2.229589488819183600e+02
2.549885744743938254e+00 2.177721376154359677e+04 1.711247663814274119e+03
2.246136847206035903e+00 1.879887366178707089e+04 2.452483379638469614e+03
1.852099447505989760e+00 1.510742488815673642e+04 5.728153704729323863e+02
1.134177355799431686e+00 8.283532561743537372e+03 5.004867742152564460e+02
1.326132626814889859e+00 8.374186151105102908e+03 4.926892200501978891e+02
1.352653796962284050e+00 9.190769542685369743e+03 3.458387871419647581e+02
1.539736698868255260e+00 1.169101243620229980e+04 4.524580736446357037e+02
5.270352808546862056e-01 2.992362579330127119e+03 9.190612172345655040e+01
6.076238100396162967e-01 3.635638474996004788e+03 4.549377217670294016e+01
2.089168340157033121e+00 1.725122131334887672e+04 1.359651175624557027e+03
7.060740331072871134e-01 4.348208778113764311e+03 1.319860058446232642e+02
1.150260784320310314e+00 7.953264671621614070e+03 2.818880978217069924e+02
2.451861894370375605e+00 1.678368400566593118e+04 3.162710478739577411e+03
1.884476039468965247e+00 1.434813250006620001e+04 5.677290508149848165e+02
1.785174333072603536e+00 1.446714586042695009e+04 8.884905442363078691e+02
1.597531140280709083e+00 1.370353418130407954e+04 1.061932008493798548e+03
3.139957469881085483e+00 3.384118157362071361e+04 3.838545153624369050e+03
1.262373543565598055e+00 8.697816070506260075e+03 3.301929575165562483e+02
2.210111947364476137e+00 1.797198034006784656e+04 1.923748139128203093e+03
9.512265481565833625e-01 6.478739124078305395e+03 2.513535852289807622e+02
1.560931563275609113e+00 1.339854739386664187e+04 1.064166228631404010e+03
1.937914097811558545e+00 1.721775969428486860e+04 1.190934933369824648e+03
1.407265757697759856e+00 1.000804204538176054e+04 7.020754395947092235e+02
1.724801050544224834e+00 1.040946341507266152e+04 1.381303283790860405e+03
3.259781589753766973e+00 3.228154187790646756e+04 4.383088382823118991e+03
1.060046510560567423e+00 7.474979131279763351e+03 2.117989943674702999e+02
1.912742680580487242e+00 1.454523922783946909e+04 1.260654984140704755e+03
1.389568725458425469e+00 1.029036298088825242e+04 4.040995385437112191e+02
1.592299791269031317e+00 1.198708675467874855e+04 8.349147172491825586e+02
1.512206761655646492e+00 1.132243114398923353e+04 6.236246572762771621e+02
1.047121526745136588e+00 7.288306014376418716e+03 2.303054804353192822e+02
1.385963773443430247e+00 9.420375976251556494e+03 4.705721414726411922e+02
1.221049322235910228e+00 8.478900463191961535e+03 2.400480781467381064e+02
1.817624620141820468e+00 1.489808979429063584e+04 1.568259580922543364e+03
2.295402576404582451e+00 1.948112343477804461e+04 1.081932217727148782e+03
3.046190157720336522e+00 2.676634184269418620e+04 3.806080740205774873e+03
2.182284605800981936e+00 1.458290021804128446e+04 1.673650577747771877e+03
2.848147409223970694e+00 2.262468862265126518e+04 4.164040091755731737e+03
1.298229354119572854e+00 8.665060709966539434e+03 4.275330685356392451e+02
1.232286353207034502e+00 7.973014353876100358e+03 5.966145764935130273e+02
6.283045596657045317e-01 3.529110043111619234e+03 1.438505155567544023e+02
1.303486738780495591e+00 1.001665008133740957e+04 7.823665556743803791e+02
1.966396342444082013e+00 1.724966135967996888e+04 1.621655138587118245e+03
1.155241806562797624e+00 8.845664284162232434e+03 4.152235734362357107e+02
1.525699175667817542e+00 1.114033280228604053e+04 5.372840681590582790e+02
1.052105361559782404e+00 7.200644964746800724e+03 2.285130389840448686e+02
1.791750604777925249e+00 1.482007829995809516e+04 9.986632627246746097e+02
3.025194976130376912e+00 2.527299835812766833e+04 1.640864915327158087e+03
8.638604780124308213e-01 5.405273707628836746e+03 1.713224049590907043e+02
1.551941463215993355e+00 1.288366106075366224e+04 7.411318754555971964e+02
1.190761841123984865e+00 8.489822881341813627e+03 2.259705283656471693e+02
1.954046793904759438e+00 1.518792049836980368e+04 7.191093197050302024e+02
1.563309031838098440e+00 1.184977962283895795e+04 8.252742787851994990e+02
8.355388059462368622e-01 5.417844046211404930e+03 1.873972237917377583e+02
1.427251815064213281e+00 9.587345006204275705e+03 7.288191366790488246e+02
1.039067861469061160e+00 6.879872835730491715e+03 2.026895164618288163e+02
9.372690081109880111e-01 5.955413074141239122e+03 2.598093879746795665e+02
2.001434486544037217e+00 1.700180593540903646e+04 2.061054414900922893e+03
2.380220469407825501e+00 2.034081472699780716e+04 1.132530288079422689e+03
9.858929724589928778e-01 6.426169500005225927e+03 2.516740308734454743e+02
1.270163315679032179e+00 9.766279334066643059e+03 3.065730654815425282e+02
1.354987323642783403e+00 9.740414677023140030e+03 2.897908589126844277e+02
3.648089856103324369e+00 2.107663060977882560e+04 5.149724423581178598e+03
1.726526369581396159e+00 1.392231817158042941e+04 9.120343407391759456e+02
2.080261998049448113e+00 1.729773563097511942e+04 1.359293635767863861e+03
1.514901034011345127e+00 1.078417948221953884e+04 8.730280838200503695e+02
4.533828991056361168e+00 4.299463789718258340e+04 4.031680228546981198e+03
4.657941541058100654e+00 3.842748831480219815e+04 5.615430258848030462e+03
1.517523116450869347e+00 1.014654831986429235e+04 9.412388761433272748e+02
2.720730888356989396e+00 1.778022185502848151e+04 2.423953494619384401e+03
1.301974041242270452e+00 9.097026703963001637e+03 2.453852550425786774e+02
1.692524744721688457e+00 1.182577632592500777e+04 1.209125605186578696e+03
1.856679612453232764e+00 1.717520401511427917e+04 1.669560101102894805e+03
8.580351988858639922e-01 5.847260413858914944e+03 2.098089801051579286e+02
1.012491049392482134e+00 6.981673069880547700e+03 1.775779656600156216e+02
1.779674092206859626e-01 8.896018579303729439e+02 3.738931461759169128e+00
1.410779408915183941e+00 1.139253111707672178e+04 7.968047999320896224e+02
2.648676361399221690e+00 2.313465174082128942e+04 2.917559394194293873e+03
9.062975578570564572e-01 5.899119810995493026e+03 1.333194954947635722e+02
2.702484514693163753e+00 2.347052713151413627e+04 2.840948873649897450e+03
1.178114244527929344e+00 6.577612849346864095e+03 5.959826843163485819e+02
1.199460764508222477e+00 8.727997163007932613e+03 5.783053483976584630e+02
1.267510669318803185e+00 9.073128075162043388e+03 2.969229546184894843e+02
1.056662914425111621e+00 7.285601081005024753e+03 4.359501713599009349e+02
2.203953532870333465e+00 1.672928729470669714e+04 1.986915488973757647e+03
1.428407372933867547e+00 1.139830667369554430e+04 5.587522747113205241e+02
3.036134586390075274e+00 2.618363011459945847e+04 1.608018862536289134e+03
1.194616609622841663e+00 7.987880044049969911e+03 2.480771495448572637e+02
1.916714663673104946e+00 1.602647011169541111e+04 1.200179226618421808e+03
1.671228232261825042e+00 1.225874420967547303e+04 5.082963252130213618e+02
1.302351131936983597e+00 8.472033215516818018e+03 8.086404705370315469e+02
2.531019625056076805e+00 1.929083531717230653e+04 3.299073176520539619e+03
2.562936222900710437e+00 2.242728972859043279e+04 1.231462462733633856e+03
8.698265903878086291e-01 5.996895162011284810e+03 2.213999267866950618e+02
6.127274273477160138e-01 3.688421703099499155e+03 9.216800105290711542e+01
2.477895720253152412e+00 2.023069361616812239e+04 1.823042768496348799e+03
1.054835986004814874e+00 6.560300818629255446e+03 4.263296238336278066e+02
2.831282870727147127e+00 2.686085882324124395e+04 2.336563149613739370e+03
2.251687724787722278e+00 1.632003769854903294e+04 2.134392164852603855e+03
1.561343820483747535e+00 1.235478489905273454e+04 5.085881887191852115e+02
1.411770031314700358e+00 1.011938863866171414e+04 3.825335057211374874e+02
1.362337137594295866e+00 1.018882697203330463e+04 3.443668297852838123e+02
1.742877020654736153e+00 1.428788782717142749e+04 1.358070547647456578e+03
2.484386721597044989e+00 1.812629794849486643e+04 3.303024580855041677e+03
2.263784608411234522e+00 1.792300224168235218e+04 1.482873949256571223e+03
1.503638669386329285e+00 1.082270388250106043e+04 4.870720014754841714e+02
2.326358945431627578e+00 1.925384792051155455e+04 1.468686712691480579e+03
1.431827341588578717e+00 1.051173314183193907e+04 6.531163513117378443e+02
1.357162975101453117e+00 9.848259649506395363e+03 6.801242399448132119e+02
1.517497267912637282e+00 1.334499026315863557e+04 9.764174766069218094e+02
1.635191936529176715e+00 1.176364956522420289e+04 7.332368130397234154e+02
1.137246647413751921e+00 7.896239315472335875e+03 5.753697680736631810e+02
1.281769197667273374e+00 8.393475356364231629e+03 4.943996039717708300e+02
1.161275519598236272e+00 8.139719396977308861e+03 4.771018441750379679e+02
3.298271326229027967e+00 3.436643671658021049e+04 4.212152041227645896e+03
2.884270206277887549e+00 2.455532742208785930e+04 2.131131268102978993e+03
5.781770770079380783e-01 3.625855253388735036e+03 1.087742502442759474e+02
3.733630128252032887e-01 2.067369596365629150e+03 2.165718802118738040e+01
4.244324894843670037e+00 2.898338272441330628e+04 6.763384174941066703e+03
1.909596424635747969e+00 1.373094702278040313e+04 1.478732613997910676e+03
1.307607959398272790e+00 9.145279509673375287e+03 4.195965279904602312e+02
1.364001864438152190e+00 1.015140770477573096e+04 3.929840818693554070e+02
2.927102057286886883e+00 2.686161183464154601e+04 4.469475622805368403e+03
3.441580258117717062e+00 3.002035078029233409e+04 3.016615461673108712e+03
2.324064782564005949e+00 1.696110580090490112e+04 2.393404591692263239e+03
1.094144631897138620e+00 7.566629182073237644e+03 1.903825409867261271e+02
1.759706288121689610e+00 1.385215159132719054e+04 9.332869312822838310e+02
2.442645284659523686e+00 2.099932178063175888e+04 1.394997947139594771e+03
2.367004594621652913e+00 1.720260391930755577e+04 8.993685288817182482e+02
7.819354571985946967e-01 4.847829933522841202e+03 2.449701444254850173e+02
2.082944064899034053e+00 2.110301320518008288e+04 1.543890169431210325e+03
1.968461560609324756e+00 1.489666630163437003e+04 9.796821718340580674e+02
2.349457155964389088e+00 1.810049318896930708e+04 2.749688171877485729e+03
2.745677540839418285e+00 2.524007605940995563e+04 1.969376734193519042e+03
1.731570015585628175e+00 1.348329083090642416e+04 4.588141231839522334e+02
3.837859573789126344e+00 4.171745083113654255e+04 5.376471242941334822e+03
1.018197734366978358e+00 6.931966010626279058e+03 3.306892889398524744e+02
3.271219145272589168e-01 1.747531761873702862e+03 3.571389263838687356e+01
2.316583859311041937e+00 1.895507278659093936e+04 1.389314782845610807e+03
2.477099342042554664e+00 1.975873748164764766e+04 3.006224458269722618e+03
2.190664923985747414e+00 1.801389989079666339e+04 1.757489161456608372e+03
9.933650180371711436e-01 6.760325205284379990e+03 3.561018344176885648e+02
4.630829766704554373e+00 3.290700518698021915e+04 5.787155472222023491e+03
1.414079167914042534e+00 1.031940557650903611e+04 4.561502795139494424e+02
9.243198909361206583e-01 6.065490796884941119e+03 1.539684625251913133e+02
3.175579347379243744e-01 1.704582972503661495e+03 1.830455580264600002e+01
8.608838740782095433e-01 5.838037221964712444e+03 1.700028491778571720e+02
1.513983860353037114e+00 1.219383067122684770e+04 9.322315263991673646e+02
1.643587477422922882e+00 1.170131479153186410e+04 9.950872746166354545e+02
1.568709450465538779e+00 1.180434183230382405e+04 5.463392854800750911e+02
3.719871756771100935e-01 2.018146088464541435e+03 2.364327128907256537e+01
2.059161207076423583e+00 1.545003758387735979e+04 1.009686107422770760e+03
2.197606258733962203e+00 1.781986565095565675e+04 9.419299354601545247e+02
2.070342604775464945e+00 1.482565452239692058e+04 1.054431322233041783e+03
2.138741618689337542e+00 1.706049897845875239e+04 9.949273632766213495e+02
7.557214289190490319e-01 4.920356954071947257e+03 2.120056533893197468e+02
3.264712509255396355e+00 3.271866036797534616e+04 4.698311870157601334e+03
1.118586163886905682e+00 7.818411375269418386e+03 2.041975553500250555e+02
1.035190373784073303e+00 7.007071988915219663e+03 2.474571791398342668e+02
3.779746276746188904e+00 4.105374985103875224e+04 4.740429848346844665e+03
1.395959430133614454e+00 9.946812685040216820e+03 5.007523011906780539e+02
1.025612055521033739e+00 7.141529782910053655e+03 3.204082404146323597e+02
1.541722905787691777e+00 9.833349454459450499e+03 9.850165146595469423e+02
1.529693513929291093e+00 1.159989053447110564e+04 7.894098772607438832e+02
1.703265587794253522e+00 1.074536238792351105e+04 1.084867799289818549e+03
3.637371794418777782e+00 2.510978422492744721e+04 5.813457613172779020e+03
1.906683388504741172e+00 1.652152032933391820e+04 1.326025845092798818e+03
2.518510562951733700e+00 2.156936592647391444e+04 1.289948203931940043e+03
1.465229644997732228e+00 1.058932295174254432e+04 9.432765275084241239e+02
1.395652540115217111e+00 9.709818667439220008e+03 6.780474988860064514e+02
1.444158990442284018e+00 1.090400267038723177e+04 3.454156665626645122e+02
5.196094601063578899e-01 2.987559108548351560e+03 5.307974847806345053e+01
1.478208950712795788e+00 1.023631384228856405e+04 6.074587284976935280e+02
1.778177096931861101e+00 1.355365977488159660e+04 1.374791023582152093e+03
2.608149905235932042e+00 2.338602427641054965e+04 2.458259638497750984e+03
1.846257377684549894e+00 1.543009399396881781e+04 1.096746386534443673e+03
1.108161437749472844e+00 7.973654645171506672e+03 3.545119615915121472e+02
1.387070257507988513e+00 8.570008687146975717e+03 7.837784939700493396e+02
3.068355894471543444e+00 2.331937194079437904e+04 3.456973868662061250e+03
1.086722551662947733e+00 7.377879873355930613e+03 1.880627253060579278e+02
1.670336572688756682e+00 1.332673182874490885e+04 1.271618892194950604e+03
9.833902871796706968e-01 6.420929297071648762e+03 2.173298029724008700e+02
3.894132288519035257e+00 3.054531994752747414e+04 3.137596259564404136e+03
1.250585781447092870e+00 9.351684965723268760e+03 4.224557752447647090e+02
1.905548493762549755e+00 1.779772200189714931e+04 1.008691298719071028e+03
1.451490848467685391e+00 1.070934757971733416e+04 7.940620020296778421e+02
5.375139999870728325e-01 3.193004124026899717e+03 6.820000519240647918e+01
8.780044889426137367e-01 5.788024313932368386e+03 1.866432324872414767e+02
1.123862369110768089e+00 8.143697409746395351e+03 4.244847362667721313e+02
1.672465647867216632e+00 1.206325122666722382e+04 6.306766039419915160e+02
1.566439346687255263e+00 1.084917644859300708e+04 6.712165676376695274e+02
2.521796334974109932e+00 1.693307150462768550e+04 2.180196346439402987e+03
3.591035551598438680e+00 3.387082884022428334e+04 3.988423688482389480e+03
1.076324710063714996e+00 8.301218167862989503e+03 3.526856555323689690e+02
1.250544169526163651e+00 8.324202935537847225e+03 4.946764512894802692e+02
2.579248968315190016e+00 2.738906710941769779e+04 3.098284551453538825e+03
1.576499677428688573e+00 1.180232016168825248e+04 8.923295400235999750e+02
7.827744642130646247e-01 5.038501440790278139e+03 1.210958814343870813e+02
2.619960517051656446e+00 2.543849014038069436e+04 1.462092544295036760e+03
1.547413549531166943e+00 1.058159259489188480e+04 5.646708169467838161e+02
2.474038487505054285e+00 2.142007609216959827e+04 1.596190895409277800e+03
2.124233598969955672e+00 1.699135935973496089e+04 9.760053489361745278e+02
2.079243055840256371e+00 1.462500145398716995e+04 2.071536139805666608e+03
1.001350170596075673e+00 6.935827047343567756e+03 3.835812909274461617e+02
1.761006006374777000e+00 1.332968820461150062e+04 7.996272487023693429e+02
2.588023711333997223e+00 2.217599574591150304e+04 1.185019958158065947e+03
5.397602568709040094e-01 3.200430629748170759e+03 5.303787050495725452e+01
2.132607273242047796e+00 1.625859034586840971e+04 1.025922024925637970e+03
1.088904558923550869e+00 7.264765209288115329e+03 5.353400650459286680e+02
1.180962830387699558e+00 8.406279579891097455e+03 3.720967245899917657e+02
1.381205064547451178e+00 1.032717413617676357e+04 3.147926744592057844e+02
3.307326301211174435e+00 2.518579781501138132e+04 5.706743565999671773e+03
1.398946549193425870e+00 1.011192512381804409e+04 3.938113310052156066e+02
2.312616571621578299e+00 1.899127599510511209e+04 9.320234885501681674e+02
8.992823863866749035e-01 5.920572118239805604e+03 1.991436538059556369e+02
1.097841903509024553e+00 7.596998208014570082e+03 5.020274438416680027e+02
1.819787155258512756e+00 1.541421805663212035e+04 1.413012487175775959e+03
1.807290472845061613e+00 1.434722467959881578e+04 7.223722947564644983e+02
2.358933574101831798e+00 1.983323134554445278e+04 2.154432314894999308e+03
1.779263221555257291e+00 1.472993122940715875e+04 6.700023021698343655e+02
1.884419116920046378e+00 1.445336791816741606e+04 9.451404384780646524e+02
2.999073134234679028e+00 2.150950762227155792e+04 2.875087959006872552e+03
3.430260405349402131e+00 2.677659979811051380e+04 3.397365807602786845e+03
3.693332617059198242e+00 3.209912184899794011e+04 3.288181006644896115e+03
2.333295674092997096e+00 1.563839017138996314e+04 1.530713505185546637e+03
2.027176033648583342e+00 1.743174764017879716e+04 1.258899528985061806e+03
6.746710356529885821e-01 4.160963287982000111e+03 8.620717625721493960e+01
1.271534348867982889e+00 9.236281893891080472e+03 5.200519267539440307e+02
1.048601257538664733e+00 6.648651594393232699e+03 2.636436627987314409e+02
3.393478683372557203e+00 3.348329687213293073e+04 2.533936164729232132e+03
2.420544438082168792e+00 1.952589367171368940e+04 2.090237739893789239e+03
1.130997748422298388e+00 7.828548089664465806e+03 2.891938215110972692e+02
1.515059111911075673e+00 1.181738909658766170e+04 1.015366772794706776e+03
3.862145322863429708e+00 3.276903773918967636e+04 7.222701636456909000e+03
1.791835567415696495e+00 1.387020334669379736e+04 7.252001613038938785e+02
3.848553641109258461e+00 3.759968658112642879e+04 5.669602817395373677e+03
1.063126235104212558e+00 7.057517010900100104e+03 1.540305027356770893e+02
1.910761607860910649e+00 1.612253094253285781e+04 1.709311646356094343e+03
1.772310354260146159e+00 1.418452719273576440e+04 5.280207800247404748e+02
5.564691511266123269e-01 3.215192499126864277e+03 5.583474522544160124e+01
9.532150174037117285e-01 6.423997871934430805e+03 2.638817599064550450e+02
2.909621237461208931e+00 2.370501871312248841e+04 2.132281906858277125e+03
2.443208501468924432e+00 2.070345233174439636e+04 2.405548875895761284e+03
1.159500307513169792e+00 8.158646138935152521e+03 5.080998265480877762e+02
7.799638416652608930e-01 4.695570624024359859e+03 1.937535835110840878e+02
8.464560997797930808e-01 5.536084053837512329e+03 1.216972584396757640e+02
4.610991050990264739e+00 3.460969619534687081e+04 7.883487837203854724e+03
3.228644506846797047e+00 2.692141398326037961e+04 4.363585489467968728e+03
1.122236115664704936e+00 9.335742306510454000e+03 5.673139423600357532e+02
2.446781501699545558e+00 1.869233460721461961e+04 1.347767394731054992e+03
1.961387025104316173e+00 1.450661152335358747e+04 1.203888032706051490e+03
3.524992223530698965e+00 3.899911441994627239e+04 4.350480646921933840e+03
7.863628972115768168e-01 5.151681701084952692e+03 1.129199276728055708e+02
1.125027254464775028e+00 7.476238900326750809e+03 4.317988417197486797e+02
2.973349693463674281e+00 2.227090947583277739e+04 2.773174619309879290e+03
3.767826830607269972e+00 2.912844345295407038e+04 3.294271191666591676e+03
1.730501482577593508e+00 1.362894597042548412e+04 7.728153885614989349e+02
1.220746341446647953e+00 8.456941586465000000e+03 2.362592810941915218e+02
1.436344209017149653e+00 8.196787910654520601e+03 8.842004082662106157e+02
9.383255587331607028e-01 6.393397282676243776e+03 2.587167372607185030e+02
3.041546882738259239e+00 2.572976983844236020e+04 4.183754922392545268e+03
2.627533669979609243e+00 2.558985146628786970e+04 3.140482152966818376e+03
5.359823839382080735e-01 3.191840217063630917e+03 4.088988269478002024e+01
3.172844429405415223e+00 2.635618970034123777e+04 1.934790678290210053e+03
2.243026574278283725e-01 1.184388373090258483e+03 1.445239173843663139e+01
1.458813370769943774e+00 1.055306877120860372e+04 3.218678146290122299e+02
4.063831658645676193e+00 3.913745933776922902e+04 4.396286713500283440e+03
1.704826008023309081e+00 1.362499508557288391e+04 6.189918440517891440e+02
3.331092015486785574e+00 2.825097558995520376e+04 2.473784287067118839e+03
3.182091919669476354e+00 3.308827961019642680e+04 5.556354710883582811e+03
2.545138311488458260e+00 2.317921166111496495e+04 2.206140007700588285e+03
2.371308235359185446e+00 1.608813204916427276e+04 2.956695863980539798e+03
7.368688301661763251e-01 4.608454714265290932e+03 1.492339204085478741e+02
2.937062985574056651e+00 2.717593369658412848e+04 1.989905533844640559e+03
2.441640227679774622e+00 1.991140986445613817e+04 1.784282024632580487e+03
3.596992026366967465e+00 2.734001276333440182e+04 6.341065434787329650e+03
1.461478738192481863e+00 1.113216855825253697e+04 6.900053342226404993e+02
6.645105374820513555e-01 4.142942759141010356e+03 1.135174156113280617e+02
7.060133000653086022e-01 4.222760232882379569e+03 1.628155571521316745e+02
2.566546016347234449e+00 2.084741799130715299e+04 2.954034303493809603e+03
9.089580570971680373e-01 5.871617919271151550e+03 2.556092307737831391e+02
2.189163265407506831e+00 1.843409010026467877e+04 9.296072401216797516e+02
9.592658772918595256e-01 6.233823886181734451e+03 1.648690428499702136e+02
3.133400385998704962e+00 3.032882284774627988e+04 1.960952780995918829e+03
1.091575317212643004e+00 7.443076273688424408e+03 4.678760940043547407e+02
3.448206045748476889e+00 2.404391094727815653e+04 3.140610542231779164e+03
2.847108467252461028e-01 1.506027061343384730e+03 1.247285503408068230e+01
1.057639123902609724e+00 7.539325429502631778e+03 2.681419756312719755e+02
6.838975176056923955e-01 4.233798313161202714e+03 8.289830314046574244e+01
2.034177993404867824e+00 1.705100448203464111e+04 1.835501394304183123e+03
2.632687688614024690e+00 2.538426380268883076e+04 3.072662179539168392e+03
8.084611977793167981e-01 5.211389137995493002e+03 9.961425328015371861e+01
3.655716620186254762e+00 2.615036936494411930e+04 3.844681023143176844e+03
6.130965437625186532e-01 3.981592776188619155e+03 1.273871335641349134e+02
4.689086853429751400e+00 3.756281261734676082e+04 7.302316465932205574e+03
7.581182897163548651e-01 4.731593162611645312e+03 1.881036335967166337e+02
2.641817364898483955e+00 2.017539478867407161e+04 1.551636177358085661e+03
3.201606857566915654e+00 3.091890668967124657e+04 3.264485000490738003e+03
3.542691733175900026e+00 3.412397786922691012e+04 3.493340371314294316e+03
2.853540911140274972e+00 2.258972294819866511e+04 2.265908009919951382e+03
1.074099622610340754e+00 6.734760882623299949e+03 4.089991728612292832e+02
9.470867183515723209e-01 6.273265436267372024e+03 2.635082725932242056e+02
2.600505899405300525e+00 2.115082940091924684e+04 2.414596179085675431e+03
7.262266477143813903e-01 4.479635968912562930e+03 1.458924215240482738e+02
7.734728899798434254e-01 4.899559297847846210e+03 1.494893364299335303e+02
1.744213541507757759e+00 1.317307230318464826e+04 8.572557550827044679e+02
1.928977461610974276e+00 1.501247881728380889e+04 1.619284661628175400e+03
1.498351475636673147e+00 1.084585489162463273e+04 5.788367356929136349e+02
1.864413502666041778e+00 1.480226597719426900e+04 6.523361140286776845e+02
3.175177911266496622e+00 2.539257843842909278e+04 2.002278323616678108e+03
2.817857090014509458e-01 1.480140759567527766e+03 9.724945073256117567e+00
3.882437824446730801e+00 3.085515323550906396e+04 5.144814446539543496e+03
1.092182637966846004e+00 7.526370667378117105e+03 3.671183517077727743e+02
1.181516524256500000e+00 7.941543422104671663e+03 2.906880401753237493e+02
7.907784926616855392e-01 4.841595025176322451e+03 1.388400578176533600e+02
7.883394900333506872e-01 4.949611551304066779e+03 1.240874343717368760e+02
2.328651275580187807e+00 1.916751287506375957e+04 1.120483267450504400e+03
1.519942696215154099e+00 1.131954808645355479e+04 4.332935704513183737e+02
1.047302685097322827e+00 7.339152659242023219e+03 1.703130459958124732e+02
1.314668633011617960e+00 8.880486726506054765e+03 4.316591565461401387e+02
1.120175018229401465e+00 7.804492478736671728e+03 3.337365543998375870e+02
2.288181051420943746e+00 1.816038163478341812e+04 1.254856197255189045e+03
1.138855391219165680e+00 7.668279848735895030e+03 5.498602267661098040e+02
1.005396611784594052e+00 6.815788737294837119e+03 1.680613112752401435e+02
1.114028494783395606e+00 7.720686460252627512e+03 2.675312912882908449e+02
9.347903139895957780e-01 6.024486445059590551e+03 2.824518895903922271e+02
1.403517073727218678e+00 1.042595680494592489e+04 6.015261206175659936e+02
1.453501221887954831e+00 1.031770596713484156e+04 4.273967738510625622e+02
9.910685688582764330e-01 6.792195679047502381e+03 3.215644614939598114e+02
1.068741671768004275e+00 7.876825744874578959e+03 4.512432739926260865e+02
6.267686556913107943e-01 3.782729687236776954e+03 1.354284967875449581e+02
8.361637222141073966e-01 5.449103848173204824e+03 2.616778354829351656e+02
2.685165719354662972e+00 2.020634204237329686e+04 3.572819615921987861e+03
1.341907267400280768e+00 1.016001920406452518e+04 7.408703821577952340e+02
1.624613381687544322e+00 1.217729998679275923e+04 9.309790352445284043e+02
2.840446667447600770e+00 2.254716430493711596e+04 2.531204423375488659e+03
3.504101411688272272e+00 2.554361073447375020e+04 4.178015614313191691e+03
2.559485337857744458e+00 2.405563644489671788e+04 1.114236893773838574e+03
1.578145678748633207e+00 1.274799772742060304e+04 1.064252004837582490e+03
1.467391695694602038e+00 1.237119355476723103e+04 1.048564810999756673e+03
1.221171410285306624e+00 9.057242573381738111e+03 2.889900856489793455e+02
1.914401679198594497e+00 1.455985698705910363e+04 7.403668706004096975e+02
5.949783643236613573e-01 3.797002727187760684e+03 1.202789851625950064e+02
2.196491182535645681e+00 2.152027403811602198e+04 2.008121585938098633e+03
2.468950084530465272e+00 2.210509181902603086e+04 1.774188812076232352e+03
1.849008987039789220e+00 1.337538052511000933e+04 1.673755011875268792e+03
2.938395736271984582e+00 2.410435188737426142e+04 1.622949829052296764e+03
1.460087708288956954e+00 1.072452209993910037e+04 3.336249160482797151e+02
1.931817979364029103e+00 1.748405845525501718e+04 9.120115404944712054e+02
1.904870629456879350e+00 1.624180432134223884e+04 6.509443664974164676e+02
2.777723653285512295e+00 1.803754115997341796e+04 3.195339002587182222e+03
1.176160861187076634e+00 8.560495853803991849e+03 3.429762213420890475e+02
1.352931611945854762e+00 9.341770573651250743e+03 5.076471410441837975e+02
3.436972744481703756e+00 3.371924915716389660e+04 5.662593214877391802e+03
2.866983977774493653e+00 2.147168800018486945e+04 1.738095950852082751e+03
8.777649891319632136e-01 5.802591298945943890e+03 1.381784235684805537e+02
6.935418698935726933e-01 4.235229144523681498e+03 1.860915733687254487e+02
6.381685541475426993e-01 3.908644087991891411e+03 1.145451280630622222e+02
2.608088648716880620e+00 2.676847961824214872e+04 2.555772079270926952e+03
3.601078200329542511e+00 3.404553941718605347e+04 6.503445303791726474e+03
2.938902328674025899e+00 2.224978509703726741e+04 3.418443074501083174e+03
2.477288379975184363e+00 2.146802813839445298e+04 1.042503408743363252e+03
2.865029086376853495e+00 2.411053683703697970e+04 1.713366439671628314e+03
3.217245067531351310e+00 2.486667872133024503e+04 1.890775580223817997e+03
1.402763697249241881e+00 1.099742684551016464e+04 8.335556040033392264e+02
1.012230207820843386e+00 6.748630542611683268e+03 2.884727030470496629e+02
2.746739449451197856e+00 1.681449125497789282e+04 2.776005328411817572e+03
2.627051474375542650e+00 2.369657187153690393e+04 1.677367838528476796e+03
3.006280223635279025e+00 2.455535674091194232e+04 3.824953084644240789e+03
1.128537848377459296e+00 8.018505322130611603e+03 3.074613601145804296e+02
3.925556253199233403e+00 3.546336866013125837e+04 3.279350626891737647e+03
1.373992105669950003e+00 9.321764160745937261e+03 3.125950793134432502e+02
2.179734108645027924e+00 1.753737075199095489e+04 1.794237780901812130e+03
2.533808087078198046e+00 2.036605063410716684e+04 2.859459161694971954e+03
2.325452895698328692e+00 2.112307931041951815e+04 2.266235336851470947e+03
2.909536917322044669e+00 2.212422642077498313e+04 1.877609962422416402e+03
2.481718635910942883e+00 1.814724456848901900e+04 2.006086876821598935e+03
2.225926631491363050e+00 1.734674953894037753e+04 2.323165707032222144e+03
1.028064299325535114e+00 6.995711201261787210e+03 1.768387739073671128e+02
3.429835229919755424e+00 3.397989010302178940e+04 5.465077335894934549e+03
3.919820288084494120e+00 4.161005679360762588e+04 3.820864785149933596e+03
2.379378884166701624e+00 2.036620855086641313e+04 1.619851320051529228e+03
5.603502412378745801e-01 3.285857432892191355e+03 5.557290518054968231e+01
2.159336229744593716e+00 1.595510567731278570e+04 1.317399179562593645e+03
3.210958821912451633e+00 2.504334908146224188e+04 4.669594022266067441e+03
8.793073430507396537e-01 5.758549112899348984e+03 1.710831809343212910e+02
3.690276585159016243e+00 3.274923918417517416e+04 6.012997865515617377e+03
1.368035360412837242e+00 1.030138890622196595e+04 3.379248408159352834e+02
1.088260808394245549e+00 7.447022167855389853e+03 1.731627490610360667e+02
2.640319250662503947e+00 2.360664325189094598e+04 2.812717877088987279e+03
8.313303726389961179e-01 5.364683671078552834e+03 2.112584907413454403e+02
1.602168485059388914e+00 1.161249262270244981e+04 9.117222417936526426e+02
2.559041863180712362e+00 2.513681522268274784e+04 2.612755101808648305e+03
6.422765781797306062e-01 3.710889853061011763e+03 1.673416376739307907e+02
1.383489884305872497e+00 1.042331034449603612e+04 5.392824874677276057e+02
2.973592962485751112e+00 2.433072213202614876e+04 2.482936668724417814e+03
1.792021668594120154e+00 1.394000644894123434e+04 1.163357890113298936e+03
2.514860513667166675e+00 2.044381984274245406e+04 2.361197993478606804e+03
1.694198808354913099e+00 1.289600506155451694e+04 9.666499764774312098e+02
1.779076865137152241e+00 1.642090726672516757e+04 1.645632710611085031e+03
2.700425071780722774e+00 2.523980886253760764e+04 3.622248824291035362e+03
2.303720701289158068e+00 1.687188367300831305e+04 1.145787792890416767e+03
1.476815500286490890e+00 1.074693832457571443e+04 3.493197073144143587e+02
2.023561257772857225e+00 1.410944278603998100e+04 1.082180895329385976e+03
9.389602152913911759e-01 6.809329368595680535e+03 3.330988282474866651e+02
2.817225743780634062e+00 2.646774069190314913e+04 3.187621581767758471e+03
2.633456734406192545e+00 1.767732587995547510e+04 3.515301876989073207e+03
3.636413452687965009e+00 3.950984454587958317e+04 5.266548334446968511e+03
1.893715853929628601e+00 1.439501846953292079e+04 9.406907042970613020e+02
2.227067571812241908e+00 1.980527509669127903e+04 2.160928513679134085e+03
2.203603284145382979e+00 1.941177783832842397e+04 1.499877097499101865e+03
9.521297403382449343e-01 6.423487375301536304e+03 2.089106244285682976e+02
6.730645496454185084e-01 4.226738273515553374e+03 1.580416260633016066e+02
2.208570682531004081e+00 1.844887712208333687e+04 9.222372588708944932e+02
3.198332392322809969e+00 2.504893769893025092e+04 5.194802154547646751e+03
3.197516981827189575e+00 2.585125780777999171e+04 3.431493260002815532e+03
1.130831427123613064e+00 7.768977003451175733e+03 2.057792244417254892e+02
1.184285916538446282e+00 9.210998022881143697e+03 4.644621234355672073e+02
1.171168717158846073e+00 7.801728535085141630e+03 4.144851297185091425e+02
1.680922805056087377e+00 1.336011381812019863e+04 1.336425913824955842e+03
1.424854325138360522e+00 1.030472647150658668e+04 5.047252941655175960e+02
1.793335323662667236e+00 1.469739546466267348e+04 6.054797879824477604e+02
1.657374700450189975e+00 1.293584425970679149e+04 9.976029161385221187e+02
3.572742583372255698e+00 2.950123515010266783e+04 6.857454677630305923e+03
2.041749914924978260e+00 1.718666859859318356e+04 7.346669018213132176e+02
1.244227288802433273e+00 8.049893770977629174e+03 3.278120509080135321e+02
1.928468947542351764e+00 1.483618547411112195e+04 8.844779748339052503e+02
3.993949561055240238e+00 3.341219535975079634e+04 6.881264168046824125e+03
1.920929564265249745e+00 1.496456927094480670e+04 1.057581416964129858e+03
4.204009483010599624e+00 3.112829395183161614e+04 9.084277075610834800e+03
6.360487905705508593e-01 3.875827719771773900e+03 8.809131608510584499e+01
1.752971314898224886e+00 1.527884124950232399e+04 1.220291062739726613e+03
4.036818728234063514e+00 3.711680075875067996e+04 5.656652119605224470e+03
2.639429425274608221e+00 2.949469857104854236e+04 3.692562843990726833e+03
2.350611854840439996e+00 1.850853516315006709e+04 1.336086668977069394e+03
6.454870679571165226e-01 4.000834870513546321e+03 9.441811625972056277e+01
1.388691337509095014e+00 8.869420678484713790e+03 7.983510167914120075e+02
2.523319405156816408e+00 2.232260505648522303e+04 1.375051486000220621e+03
2.546666900907700981e+00 2.415046766309337181e+04 2.708969518409724515e+03
8.758464416104829731e-01 5.774643986445812516e+03 1.511289290213233016e+02
3.986222037315218625e+00 3.537785370601285831e+04 3.724265027536845082e+03
2.177629043049184698e+00 1.450764271133517104e+04 1.927399850297401599e+03
1.695030637726201661e+00 1.258177019460600241e+04 7.116440945085421390e+02
1.305393103330857896e+00 9.984343632258354774e+03 4.877474577470957229e+02
3.210360789200759513e+00 2.489065405383357574e+04 3.387211879800047882e+03
3.350800575892297406e+00 2.627827785232034876e+04 3.298684627041428939e+03
1.616851343495933291e+00 1.386684694654336272e+04 1.152984352706929940e+03
1.042032348959437194e+00 7.410879199769507068e+03 1.693697833935812298e+02
2.666052624986671837e+00 2.280310904560139534e+04 3.610689484901587093e+03
1.892765598670124172e+00 1.418853463565940910e+04 1.292951477601238594e+03
1.147658611524058347e+00 7.885030109260587778e+03 1.865333185177333348e+02
9.712995534155235422e-01 6.382422979259875319e+03 3.212465353634471512e+02
2.846559761976199088e+00 2.546892549945951396e+04 2.200728271539413981e+03
1.707212965331092569e+00 1.317293059615515085e+04 1.162874201019992370e+03
2.156043872167000774e+00 1.703900205015942629e+04 1.089495198730073980e+03
4.043280750194831796e+00 4.624733123311070813e+04 6.198893681959482819e+03
4.776372541714835052e-01 2.761939549154219094e+03 6.939780329556735694e+01
9.818293533396430517e-01 6.999135548713162279e+03 3.368466740652962130e+02
9.713071630336468365e-01 5.942487082056641157e+03 3.876073178335172997e+02
1.930417893069713786e+00 1.547267397028654341e+04 9.241191890189959395e+02
8.813992682224069952e-01 5.927543384723972849e+03 1.592892683162120306e+02
1.437006447448441637e+00 1.056251374341570227e+04 4.675174419100642922e+02
3.982253533808611579e+00 3.987312934056424274e+04 4.018780237441234931e+03
2.675782692836725207e+00 2.556105796926009498e+04 1.600110265449768576e+03
1.354559056363281666e+00 8.865603455234981084e+03 5.914626042454782464e+02
9.699859124975227509e-01 6.547733526827871174e+03 2.045390068874441170e+02
7.896410667831925689e-01 4.879508242373614848e+03 2.079650761703429680e+02
1.004103625872457162e+00 7.043783472347540737e+03 2.010319794928278725e+02
4.135529509181535834e-01 2.342038711396250619e+03 1.975710983290676381e+01
1.079855226022416348e+00 7.527185020284485290e+03 4.267084681139541544e+02
1.686454329348102021e+00 1.182805395412572761e+04 8.081792700613427769e+02
2.138041481854854986e+00 1.368049366668993753e+04 2.228891510811088665e+03
1.883978441706447793e+00 1.670694674728916289e+04 1.167964355702759804e+03
4.344574048789418552e-01 2.432244388800400429e+03 2.682494875632348297e+01
3.775725889096431143e+00 3.267096218182866141e+04 4.225308167914394289e+03
6.391956280563567683e-01 3.936937642866735132e+03 7.855139353314113748e+01
2.281167621060825379e+00 1.770655989403841522e+04 1.754306344382738644e+03
1.849644680529644258e+00 1.389043224450789239e+04 7.446555537116767027e+02
2.605606307412120071e+00 2.172553751525631378e+04 3.358777721709519483e+03
2.280656908991724130e+00 1.981897687977841997e+04 2.840399632982409457e+03
3.246732174058423848e+00 2.690542390947087551e+04 2.113574798380500397e+03
7.864265939562568031e-01 5.307342099068604512e+03 1.369652455342294388e+02
1.912798935827860980e+00 1.676912939053235095e+04 9.669481411979666063e+02
7.067515962327510781e-01 4.464008570320270337e+03 8.399322228927321987e+01
2.449842595977826498e+00 2.042711967211062802e+04 1.830097430702719748e+03
2.243722385782207951e+00 1.776899193482922783e+04 1.377500550739348000e+03
1.220027837586464381e+00 8.029088188611958685e+03 5.321395131521691155e+02
7.179975387760997307e-01 4.582706271115371237e+03 1.294922832108886439e+02
1.571312188624089945e+00 1.027495232266904895e+04 8.342585964840397992e+02
6.733491458251589235e-01 4.166026027864678326e+03 1.184377939048562496e+02
2.401444240499200244e+00 1.734370007516195619e+04 2.447325473475608760e+03
1.782608134742384554e+00 1.275650716376085620e+04 6.010289610128064623e+02
3.239040761042835559e+00 2.817066733075994489e+04 2.206938155177356293e+03
1.771629162835291371e+00 1.407910248494341613e+04 6.425766853733546213e+02
2.149489962328624326e+00 1.861363970732061716e+04 1.801434929721435310e+03
1.190379893543047407e+00 8.358690226762786551e+03 2.240408204254812006e+02
3.529665852976583196e+00 3.383021181664102915e+04 6.295342538181411328e+03
7.746418327972401929e-01 5.032074800968941418e+03 1.419014192944399610e+02
2.244738010562178587e+00 1.820856717815326192e+04 1.004550990955326824e+03
4.056904027880746666e-01 2.247434563109378360e+03 3.491737463706145661e+01
9.201671376026063776e-01 6.112811608489082573e+03 1.486867099981776050e+02
2.091619874607340890e+00 1.617936169751428133e+04 2.185151002365212207e+03
1.450936080376170612e+00 1.038485906987403177e+04 4.978747265012599428e+02
3.579735387375000855e+00 3.103273195644415318e+04 5.970256508084444249e+03
1.151043018768713067e+00 8.130480599047276883e+03 2.064006931167555194e+02
1.937287483278367306e+00 1.527325983835045918e+04 7.080677303347831639e+02
2.937277962068010506e+00 2.740764764643671879e+04 1.620975408237950433e+03
2.378221403691869185e+00 2.013900777408672730e+04 9.873222311657791579e+02
3.462843697519571329e+00 2.700864369316893499e+04 3.315883825113237435e+03
2.611286616461419463e+00 2.292649752485011413e+04 2.343368727366257190e+03
1.969315878137199549e+00 1.599539126375327214e+04 6.848325690484255119e+02
7.415136280669561986e-01 4.690931646615565114e+03 1.905953432698577217e+02
2.779630484192755269e+00 2.072801120291222105e+04 3.794265826575167921e+03
2.802842885785944205e+00 2.486671287328339167e+04 2.823510983911957283e+03
1.850341942376256155e+00 1.491551351908788456e+04 8.766102504637667607e+02
1.484118147157934109e+00 8.550587110435113573e+03 1.009048691301072495e+03
9.863762243039524424e-01 6.891013965701487905e+03 2.940207812010373800e+02
1.110291515842137589e+00 8.318749765971808301e+03 4.923790322253591967e+02
6.489524271388835697e-01 4.096959285535620438e+03 1.131761391221658499e+02
2.949672472996536232e+00 2.289216562131799947e+04 3.607698537848170417e+03
1.044618973035703169e+00 7.357091700384722571e+03 4.099915420335617569e+02
1.235240464717183517e+00 8.779235565140050312e+03 2.505576643771669012e+02
2.498219198189877588e+00 2.365621296298028756e+04 1.736175088290127860e+03
1.452140834640049505e+00 9.255578092177929648e+03 8.704281282727092730e+02
2.423988154685630114e+00 1.804557923989785922e+04 2.111698120003230542e+03
2.583452923054350148e+00 2.277596134859752783e+04 2.436442655574200671e+03
9.401572230156043375e-01 6.256680337853671517e+03 1.373961588205268356e+02
2.015954393296150116e+00 1.331692387027467521e+04 1.324240866278970316e+03
2.153432092300683331e-01 1.097374559021179948e+03 6.497158792535294936e+00
1.224837261966005730e+00 8.616987911941134371e+03 3.940765908972505258e+02
1.490927700404614420e+00 9.778745035660864232e+03 9.111175965620841453e+02
1.360401406456333229e+00 1.025674210837391001e+04 3.690760552599003290e+02
1.780503052833793287e+00 1.370034346829362948e+04 6.712251693561591992e+02
3.404083593114429540e+00 3.628319620802151621e+04 5.189121036208542137e+03
4.477863185502482857e+00 4.297223147288730979e+04 4.526869768696470601e+03
8.660772249461452521e-01 5.579550871709342573e+03 1.557082791652665037e+02
6.986848906347029597e-01 4.299536427635884138e+03 7.253272671230986646e+01
7.314618182732315343e-01 4.455575335400423683e+03 1.622779331206772326e+02
2.378177251208676957e+00 1.978816777010073929e+04 1.306950760002571769e+03
2.794386633521762420e+00 2.312872921129844326e+04 3.087672375621155879e+03
1.431344931715825552e+00 1.064570447219006201e+04 3.265246597761933458e+02
9.085750070835862946e-01 5.926179216150296270e+03 1.874307689772886363e+02
3.971349431858939294e+00 4.036336272345572797e+04 2.654276906544115718e+03
1.278202460069128410e+00 9.321290965821037389e+03 3.771732483402327603e+02
9.929789999497756758e-01 6.560601835354720606e+03 2.030229211554297990e+02
4.456546536873986497e+00 4.058585080180843943e+04 7.905923837359269783e+03
2.507727819495423560e+00 2.192616201875453407e+04 2.715169517909987917e+03
1.755186293705849332e+00 1.386530970408749818e+04 4.882718053349390743e+02
1.925528593033272173e+00 1.624072470921921195e+04 7.448501398015308723e+02
7.703476188197090346e-01 4.972347709633513659e+03 7.984656912002478180e+01
2.544771124592648093e+00 1.985189209746140841e+04 1.505103170336572020e+03
1.660954085777339051e+00 1.321917366047678479e+04 7.532802122899511232e+02
7.516479204940127445e-01 4.666382778367687933e+03 1.933148278624424563e+02
1.662414330226168468e+00 1.199012133287891629e+04 8.185956982359236918e+02
1.743158153157143841e+00 1.333549142746441248e+04 1.444145751724610591e+03
9.949972914077969133e-01 6.815926355548664105e+03 2.913114051674048710e+02
5.943886250726440057e-01 3.525275480591046744e+03 4.830011384599020374e+01
2.148365666649128869e+00 1.866840166729551856e+04 7.914212730678209482e+02
3.016585309505552370e+00 2.521516010800522417e+04 2.873079816386256425e+03
2.469486837841489812e+00 2.080667014284949255e+04 1.085976201339983845e+03
6.270942174595403040e-01 3.863186522734781192e+03 7.037734218650564344e+01
1.052448368231750031e+00 7.256248227038129698e+03 2.803728404868931534e+02
1.913089558880407104e+00 1.524386162923511620e+04 7.218907004884954404e+02
1.659414192135762356e+00 1.246190630433319711e+04 1.124646108832364462e+03
4.033613284856933379e-01 2.212434087504842864e+03 4.858073254304732558e+01
1.046569695995244409e+00 7.247923224894592749e+03 3.000815701300747946e+02
1.087172976491428855e+00 7.490518650024433555e+03 4.715863440053754516e+02
4.021855706559810173e+00 3.906737753769016126e+04 4.925502838724553840e+03
4.833665869975795282e+00 3.487072059368560440e+04 7.761056955099432344e+03
4.669679600873841707e+00 3.392598553358590289e+04 9.320468460316031269e+03
2.237601564463383763e+00 1.910075275372271062e+04 1.298221110972688166e+03
9.907565520267497261e-01 6.881382881010754318e+03 4.260124087638434389e+02
1.620030433724132468e+00 1.286287376174683413e+04 1.096956914703755956e+03
1.264107652112143487e+00 8.030841423533293892e+03 4.849281120988393923e+02
2.279640400617802154e+00 1.678559696788078509e+04 9.994269489211746986e+02
5.014476715215493430e-01 2.890245150805281355e+03 6.393591967726788283e+01
2.687205485686733120e+00 2.000963317579026989e+04 1.963035297350431165e+03
1.310023705611723432e+00 9.900442133797869246e+03 6.936028729266928394e+02
7.460024854568211294e-01 4.709539828438940276e+03 1.730512670494566692e+02
1.392669483025101407e+00 1.016076272881864497e+04 7.554117238675727322e+02
1.456821705892694885e+00 1.092308024251546158e+04 4.718054925671801243e+02
1.401992989210674390e+00 9.912206978282036289e+03 5.309194732417264504e+02
2.763379788977947449e+00 2.063978493281517149e+04 1.680922262723731592e+03
1.880030261104767009e+00 1.358689040345016656e+04 1.666584955831910747e+03
1.413883174819896782e+00 1.013687676304862362e+04 4.771618700849869583e+02
2.052351754008752582e+00 1.652957206744642099e+04 8.916811094368956674e+02
1.028187411928404682e+00 6.801625392300999920e+03 3.235737809844378035e+02
2.138875276802198133e+00 1.444781344123670533e+04 1.512608781411766813e+03
1.656970904262238031e+00 1.366457530210970435e+04 8.094602414680965694e+02
1.134993446121713712e+00 8.267558055657958903e+03 5.377585187169572691e+02
2.058085035726217704e+00 1.524196205642775385e+04 9.658862877051958549e+02
2.456340180052627442e+00 2.397515006157708194e+04 2.637396025843886946e+03
1.123065330819778884e+00 8.302157766856065791e+03 3.188156167887004244e+02
3.645115275405742539e-01 2.025773662206104746e+03 1.853681461160304167e+01
2.070406883366371353e+00 1.817946127287690979e+04 1.358202863987464070e+03
3.193616247853112267e+00 3.008598857831054920e+04 3.390078892869545143e+03
3.730195433826295481e+00 3.590059375953946437e+04 2.513850667620407876e+03
3.072619056894570821e+00 2.766605362452019108e+04 2.940714582575833447e+03
2.832536259300399095e+00 2.200826842009992833e+04 2.512478209097531817e+03
1.482159678614249021e+00 1.005210227723414209e+04 4.113135467548447650e+02
3.680544343681558583e+00 3.542717863447497075e+04 5.929787482259651370e+03
2.619167677657211701e+00 2.549591347450112517e+04 2.711992171909295394e+03
7.429014928266235440e-01 4.772321301595624391e+03 1.874377411013268784e+02
9.607966008928422452e-01 6.205573299120545016e+03 1.491157594526135881e+02
3.941798048300591883e+00 3.419368449000996770e+04 5.043115184901156681e+03
9.117790385573505407e-01 6.009584194080731322e+03 1.938072599681534314e+02
2.259395763572109139e+00 1.961148775749716879e+04 1.158491930340150020e+03
2.812070057929791922e+00 2.470323130145955292e+04 1.923914654241031940e+03
3.869256366367654909e+00 3.127570549460614347e+04 4.224712643664783172e+03
2.188048800828960694e+00 1.728457790828690122e+04 8.329053165109851307e+02
2.458727014892480245e+00 2.246065373426108999e+04 2.485826254160407188e+03
1.923147028012992310e+00 1.375976128378275280e+04 1.888410677922646073e+03
1.346561213291138870e+00 9.497824256561631046e+03 3.832024637604412760e+02
3.808107368680856641e+00 3.349289869036601158e+04 6.445103931520307015e+03
6.188047739849896756e-01 3.797990702416758268e+03 7.547267294910328417e+01
8.501441022932326730e-01 5.609744830770203407e+03 2.541993425506158246e+02
2.067365795163218944e+00 1.584596590241505328e+04 9.169543082665055636e+02
3.367750757147909724e+00 2.579187962360668826e+04 4.660906892886062451e+03
2.308323762518265099e+00 1.806614280920645251e+04 2.572115911340898037e+03
1.415258767933871509e+00 1.061178449159452794e+04 4.216805802466669775e+02
1.344385753028309205e+00 9.234646096755699546e+03 3.488768480603426951e+02
1.552997562149060595e+00 1.203540300034671418e+04 1.109264441956775954e+03
4.077787133083977666e-01 2.286668207494197304e+03 4.628870349188452593e+01
3.856697869125470302e+00 2.695441808573793242e+04 8.028708125273748919e+03
1.643818328117077288e+00 1.192720653090416818e+04 6.418526638356524927e+02
1.066593131367447045e+00 7.512941684283273389e+03 3.804152999683920484e+02
1.038079744362615964e+00 7.075739256868066150e+03 3.786368465836854398e+02
8.333154095391419602e-01 5.501748244152938241e+03 1.321282975415556677e+02
4.484521002555256208e-01 2.572730560888989203e+03 2.808743733450591407e+01
2.098231812929027829e+00 1.580531698547726592e+04 7.171046456492207426e+02
1.848316785518473226e+00 1.531954318689569845e+04 1.069763468881540575e+03
9.790116490847069475e-01 6.370626051884118169e+03 1.475975382282235557e+02
1.283402864458498494e+00 9.133919418499701351e+03 5.352822146427794223e+02
9.163400013904253738e-01 6.051454476585455268e+03 2.320118332404373120e+02
1.251979114756744504e+00 8.009306991252974512e+03 6.888196388144525599e+02
2.283052542219974335e+00 1.773812510638019376e+04 2.420328391915984412e+03
1.559182755684926702e+00 1.377579137821902987e+04 1.038876725944710870e+03
4.986515425123901335e-01 2.819422408765570708e+03 3.980221383691378634e+01
1.500764446926824869e+00 1.171849818656763455e+04 6.784731618492779717e+02
3.192134815630463418e+00 2.582353267728123683e+04 2.653904394623715234e+03
8.583525441451872462e-01 5.640368122586361096e+03 1.321983318964748264e+02
2.007715144460124446e+00 1.617464371565297915e+04 1.211348388010861072e+03
2.335083108430155541e+00 2.233025832297964371e+04 2.040201903179300189e+03
1.199526828114035437e+00 8.676985100367865016e+03 2.974024174209262128e+02
2.740992347519108918e+00 2.071361412854545779e+04 2.044224197409072076e+03
9.628113597209678742e-01 6.283022537305884725e+03 1.994815942074664861e+02
2.586237881946368500e+00 2.731718443930638750e+04 1.619919459224166530e+03
6.749081662595100006e-01 4.156511391478114092e+03 7.174349092604441580e+01
2.767122744055993788e+00 2.188073972668356146e+04 2.619453345901350986e+03
2.299655461316059579e+00 1.767986424987967257e+04 8.822092934705079870e+02
3.353262311849062871e-01 1.828189319386859779e+03 1.349187614450387329e+01
2.154916572550195308e+00 1.611086401013827344e+04 2.288821740050086191e+03
3.212252219525551400e+00 3.388457652089311159e+04 2.615962071299622949e+03
1.578934450874416973e+00 1.209038268387512289e+04 4.501968162227012726e+02
1.228067610657280984e+00 9.191550770480289430e+03 3.678698938610090181e+02
2.367102501858207475e+00 1.955738295750842008e+04 1.239674042525701452e+03
2.170370024094786299e+00 1.732388792307324184e+04 1.050785425489673571e+03
1.100748605675502700e+00 7.703140757580512400e+03 5.875921614448114951e+02
3.380876555709344977e+00 3.018413683649114319e+04 2.096924044376637994e+03
1.988869172172868183e+00 1.942675526816447382e+04 1.907650530016126822e+03
7.293108527636396055e-01 4.495471423353530554e+03 8.058646733535552187e+01
1.088722704861734725e+00 7.656682157307722264e+03 1.906802682215460436e+02
1.556526942904885580e+00 1.164669644557354331e+04 4.321525742844898446e+02
9.832668538136848380e-01 6.963379198635216198e+03 1.802545363910161598e+02
1.444272841735763757e+00 9.880928571996782921e+03 3.953891857169246009e+02
2.337919813341419850e+00 1.868936129413485105e+04 1.098818964891815085e+03
3.835648695140017939e+00 2.729564365372205066e+04 7.044125590969304540e+03
2.752757229776768289e-01 1.437035994926634658e+03 2.114584281321283399e+01
2.147441633483705647e+00 1.631191449954179188e+04 2.017827271950164459e+03
3.388340482704461198e+00 3.187340086243925180e+04 5.503722556318632087e+03
3.473697446880374518e+00 2.856469009312679555e+04 6.047492051997896851e+03
1.505204266053973949e+00 1.076701100739072899e+04 7.868809441561699032e+02
4.030880808114378766e+00 4.083577937663488410e+04 3.880337813984794593e+03
2.331364493865164977e+00 2.038752042515786161e+04 2.516756468726845469e+03
4.434877798210415389e-01 2.441562795219841519e+03 5.774653969612785431e+01
1.986991454140096147e+00 1.556337817371482561e+04 1.023326525691252414e+03
3.231320948711319474e+00 2.866890847161705460e+04 2.291638150144749488e+03
1.559559880250079855e+00 1.252269093912820972e+04 9.657527576309405504e+02
1.288430194861203137e+00 9.384497253517805802e+03 3.404953270888081533e+02
1.377895691451820559e+00 1.056197488680475908e+04 6.076121946538451084e+02
1.144977603131772215e+00 8.056244892150397391e+03 3.532674151380517742e+02
7.108184626369988823e-01 4.385705640378741009e+03 7.961166047286637593e+01
1.096772106563480120e+00 7.548801261442339637e+03 2.223531104441651962e+02
9.838597207413174450e-01 6.959690184683662665e+03 1.981952152915092995e+02
7.955857258243835828e-01 5.105670200863044556e+03 1.177216636730885426e+02
6.297298238610204990e-01 3.856697709289731392e+03 1.129178119845334010e+02
1.354165038199210302e+00 9.492354931022398887e+03 3.821355721093827924e+02
2.136427459195236800e+00 1.735185211043020536e+04 7.591098272391051296e+02
1.322441250988236838e+00 1.007570891289886276e+04 4.870285273731843745e+02
1.313734903535575871e+00 9.567575191664498561e+03 2.894419123999250587e+02
1.809622359198047592e+00 1.487351460421448428e+04 1.635581574858881822e+03
1.216181008081784087e+00 8.762270036830221215e+03 2.929779585077632760e+02
1.306911068204480664e+00 9.119109543117097928e+03 3.724216969432269480e+02
2.239095737718058921e+00 1.930155583793237747e+04 1.379018856195012631e+03
2.960366510453416033e+00 2.372258638608926412e+04 3.373661889948974931e+03
3.847180587051552525e+00 4.082943571265983337e+04 7.944729534666371364e+03
2.115726132817579153e+00 2.009598866929186624e+04 2.063381499769737275e+03
1.277039807341210365e+00 9.621651845997535929e+03 6.628551129364057033e+02
1.210836798558615923e+00 8.869384892543386741e+03 2.508317160960739614e+02
2.870559430034134163e+00 2.787522905209792589e+04 2.496242530731495208e+03
4.577269874252706927e+00 4.326988934518392489e+04 3.948118142725657890e+03
3.221327074235933896e+00 2.388320539795566583e+04 4.268020454347994018e+03
1.386905168034546332e+00 9.736465027312522579e+03 3.817169202407663420e+02
2.348827738073182125e+00 1.998237069645341762e+04 1.309452868242941349e+03
2.367493163890913355e+00 2.201768681637361442e+04 1.920672811422121413e+03
7.300422462049813710e-01 4.627717421769493740e+03 7.593590813831102082e+01
3.639953488729440467e-01 1.987936588747248607e+03 3.225559570810180787e+01
2.513599276814687755e+00 2.261812402071222823e+04 3.206187501965428510e+03
1.636374148764266012e+00 1.213695630720188819e+04 6.927166014310804485e+02
9.775175194074358087e-01 6.503624496475770684e+03 3.238779934153456566e+02
2.674809432889651450e+00 2.484154201881377230e+04 1.871947070004192256e+03
9.984466174202170086e-01 7.214882664894978006e+03 1.757372291208288289e+02
1.436687545268231503e+00 1.022567929989030017e+04 8.158060786020841988e+02
2.984537607874482301e+00 2.617476699509362879e+04 1.646317632553733802e+03
2.984076088020077844e+00 2.464454947627325600e+04 1.733886323319804205e+03
6.207643697225205814e-01 3.821356570657441807e+03 1.108405913250477113e+02
6.458960807102138713e-01 3.938261169628599419e+03 5.473088076316277295e+01
6.721024281226191111e-01 4.154913745801211917e+03 6.373538971199317871e+01
2.474720637764644682e+00 2.122755732910055667e+04 2.507190376615154946e+03
1.556073808185716389e+00 1.087565358881546672e+04 4.326559737452994341e+02
2.149805642561134711e+00 1.857481289570444278e+04 7.578780390559662692e+02
1.973078055544567944e+00 1.440637542052903518e+04 9.296792801057579254e+02
2.103434342724528783e+00 1.807169178352885865e+04 1.956505810224657353e+03
2.750100278847215751e+00 2.208540715707252457e+04 2.162847755613889603e+03
2.559029902015363511e+00 2.758815863933346554e+04 2.654429899998378460e+03
1.755895504031151466e+00 1.292246169555947563e+04 1.154289147118317715e+03
1.517542569427290822e+00 1.088854356863276735e+04 4.499076057489817799e+02
7.502093252848023308e-01 4.558020202351945045e+03 1.502264011388201084e+02
8.916649616602283501e-01 5.920580668502924709e+03 1.294096643439714569e+02
1.698181251512982159e+00 1.385954576174089016e+04 9.441407547890677279e+02
3.593965481811367546e+00 3.295166047688847902e+04 3.195599799682534467e+03
1.976626517675231565e+00 1.555666339144898666e+04 1.243299360117929155e+03
3.304189715796078453e+00 2.680267041997111664e+04 2.321072977383091256e+03
1.258387848653675478e+00 8.926881205287170815e+03 2.645345170669069716e+02
1.660868598932237372e+00 1.239237142844617483e+04 1.219222476349122417e+03
2.839144629205552217e+00 2.199275575827209832e+04 3.738948033503686929e+03
1.645891846847695295e+00 1.463123839778786351e+04 1.071533783613112746e+03
1.044595849598455528e+00 7.313598318638573801e+03 4.434859837148998736e+02
2.402338806294789908e+00 1.887323321087971999e+04 2.467262970153836704e+03
2.136782082317727038e+00 1.801066238097990208e+04 2.170414190167342440e+03
1.683869470593792883e+00 1.488780857946135620e+04 1.189100164657053028e+03
1.857306552244442299e+00 1.416911135635511164e+04 5.642035874535092717e+02
1.930107175121506202e+00 1.638030049091259752e+04 8.109247160173624707e+02
1.867202048257491143e+00 1.541812573157507359e+04 1.010480979317193828e+03
3.667029397465687346e+00 3.285447979971205496e+04 3.473988723487468633e+03
1.793235693135086795e+00 1.400795565989405986e+04 1.539078927788388683e+03
8.994020004906616572e-01 6.185265273721173799e+03 2.565992406291975385e+02
1.628134759038055934e+00 1.159628135426522931e+04 1.112976106057551533e+03
8.781375051116712127e-01 5.692486159852612218e+03 3.425676735656958840e+02
2.903064007753081821e+00 2.340287806205633751e+04 4.329946894230972248e+03
3.082840012867760660e+00 2.854512116182689351e+04 1.573113675292536755e+03
8.570874890793844791e-01 5.633012330786701568e+03 2.325265427305185995e+02
2.156321358151036538e+00 1.895892984385781529e+04 1.216447605669989343e+03
1.273046462871269435e+00 9.381116348671537708e+03 4.923443157181470156e+02
2.116043308462087325e+00 1.704842188854004780e+04 1.290474389293641707e+03
1.515687283521502282e+00 1.126696760293921216e+04 5.394292718221729501e+02
3.089601701668981182e+00 2.682648321500409293e+04 4.095015311680889681e+03
1.181613592261991919e+00 7.973055746610565620e+03 4.591622740507277172e+02
9.920507772093963839e-01 7.058661949173100766e+03 3.776936775762817433e+02
7.449061125315193932e-01 4.741551982243548991e+03 8.336249984192149043e+01
3.452372397890356215e+00 2.753481343375726283e+04 4.456754517903053966e+03
1.183778574678536089e+00 8.261414767746187863e+03 2.169568911796850159e+02
2.783963100521589240e+00 2.227199038735197610e+04 1.372440632545514063e+03
3.357254649269960201e+00 1.647505716487592872e+04 6.017647494436561828e+03
1.292322691865008144e+00 9.573564269186746969e+03 4.358437446281837424e+02
2.213352974684376306e+00 1.948490488186279617e+04 9.303174751392731423e+02
1.120823232335462993e+00 7.114666842014373287e+03 4.672581481833253747e+02
4.217633587410363205e+00 4.545583256968043861e+04 4.865580766109918841e+03
2.421077161573380376e+00 1.785918896914920697e+04 2.535966002509072041e+03
2.152590349856705831e+00 1.760616598187288037e+04 7.975881422085979011e+02
2.543542115324663122e+00 2.360804001712984245e+04 2.473298139132834876e+03
2.371417376114292708e+00 2.240464746136411122e+04 1.652759076881241981e+03
1.496625783398098042e+00 1.167300459632792627e+04 4.806828478746965629e+02
2.586511023861931324e+00 2.173836276275973432e+04 3.341180792220257899e+03
1.944023682858315949e+00 1.831378806558702490e+04 1.337893809014651424e+03
2.546443017848600388e+00 1.647836833499412023e+04 3.189894972376408077e+03
9.415697735048897954e-01 6.299158144424282000e+03 1.272033065214839951e+02
1.858856763221087727e+00 1.460725773129948175e+04 7.034985729642731940e+02
1.616566928547263471e+00 1.278464260614086925e+04 6.045693865978691974e+02
1.615208647296616729e+00 1.232029131273669555e+04 4.086099764556000764e+02
2.507268491515890485e+00 2.152387089526920317e+04 1.146735740467354844e+03
6.665954234239598319e-01 4.101334025768844185e+03 1.039832916576676638e+02
2.674033417471798124e+00 2.060802833955740789e+04 3.108562833029058311e+03
2.472835494028688519e+00 1.988174469950906496e+04 3.144317141452056603e+03
1.913687778589385324e+00 1.528679787641180883e+04 1.173636629708144710e+03
1.618686220337324455e+00 1.267174309576268388e+04 5.856457435733890406e+02
4.276905819993126912e+00 4.848125213650366641e+04 9.211484909707824045e+03
4.494874567443737368e-01 2.667053922567241898e+03 4.956773034169503234e+01
1.820554397171283145e-01 9.099663228081321904e+02 4.703967172504304628e+00
2.012238261996632804e+00 1.636455842582481637e+04 7.222588568234249351e+02
1.931328077737330284e+00 1.731309272000389683e+04 1.425744607049229899e+03
